5.26 0.04 9.68 2.23 9.70 7.62 0.94 1.10 4.70 5.70
0.86 4.50 6.45 5.48 0.28 3.90 1.22 6.63 0.24 8.99
8.58 2.36 5.50 4.08 2.73 3.88 7.05 8.12 8.27 2.43
1.00 2.78 6.36 8.18 8.65 7.37 5.78 5.53 6.36 0.49
4.06 6.53 7.32 2.62 7.24 0.04 5.70 8.36 9.00 4.81
7.71 6.27 4.72 3.63 9.87 0.77 8.01 6.09 2.75 7.53
9.07 2.33 5.32 0.93 0.34 7.62 4.17 7.88 7.82 3.10
4.64 2.15 6.96 9.34 2.24 4.00 3.34 9.76 3.20 2.68
3.78 6.80 3.33 7.70 6.74 3.98 2.23 9.60 6.42 1.23
7.46 0.85 6.73 6.09 5.87 6.73 1.90 6.96 1.34 2.60
