5.260000 0.040000 9.680000 2.230000 9.700000 7.620000 0.940000 1.100000 4.700000 5.700000
0.860000 4.500000 6.450000 5.480000 0.280000 3.900000 1.220000 6.630000 0.240000 8.990000
8.580000 2.360000 5.500000 4.080000 2.730000 3.880000 7.050000 8.120000 8.270000 2.430000
1.000000 2.780000 6.360000 8.180000 8.650000 7.370000 5.780000 5.530000 6.360000 0.490000
4.060000 6.530000 7.320000 2.620000 7.240000 0.040000 5.700000 8.360000 9.000000 4.810000
7.710000 6.270000 4.720000 3.630000 9.870000 0.770000 8.010000 6.090000 2.750000 7.530000
9.070000 2.330000 5.320000 0.930000 0.340000 7.620000 4.170000 7.880000 7.820000 3.100000
4.640000 2.150000 6.960000 9.340000 2.240000 4.000000 3.340000 9.760000 3.200000 2.680000
3.780000 6.800000 3.330000 7.700000 6.740000 3.980000 2.230000 9.600000 6.420000 1.230000
7.460000 0.850000 6.730000 6.090000 5.870000 6.730000 1.900000 6.960000 1.340000 2.600000
